0 0.9231 0.3846 0.0000 inf
0 0.3077 0.3846 0.0000 inf
0 0.9231 0.6923 0.0000 inf
0 0.2308 0.6154 0.0000 inf
0 0.0769 0.6923 0.0000 inf
0 0.6154 0.6154 0.0000 inf
0 0.6154 0.3846 0.0000 0.0000
0 0.6923 0.3846 0.0000 inf
0 0.6154 0.1538 0.0000 inf
0 0.8462 0.3846 0.0000 inf
0 0.3846 0.8462 0.0000 inf
0 0.2308 0.8462 0.0000 inf
0 0.9231 0.4615 0.0000 inf
0 0.6923 0.2308 0.0000 inf
0 0.1538 0.0769 0.0000 0.0000
0 0.1538 0.3077 0.0000 inf
0 0.8462 0.3077 0.0000 0.0000
0 0.4615 0.0769 0.0000 inf
0 0.2308 0.5385 0.0000 inf
0 0.4615 0.7692 0.0000 inf
0 0.7692 0.6154 0.0000 inf
0 0.1538 0.3846 0.0000 0.0000
0 0.3846 0.8462 0.0000 inf
0 0.7692 0.2308 0.0000 inf
0 0.9231 0.6154 0.0000 inf
0 0.8462 0.5385 0.0000 inf
0 0.3077 0.4615 0.0000 0.0000
0 0.2308 0.6923 0.0000 inf
0 0.1538 0.7692 0.0000 0.0000
0 0.0000 0.1538 0.0000 0.0000
0 0.2308 0.1538 0.0000 inf
0 0.7692 0.1538 0.0000 inf
0 0.1538 0.1538 0.0000 inf
0 0.4615 0.7692 0.0000 inf
0 0.0769 0.3846 0.0000 0.0000
0 0.2308 0.3077 0.0000 inf
0 0.0000 0.2308 0.0000 inf
0 0.2308 0.3846 0.0000 inf
0 0.1538 0.5385 0.0000 0.0000
0 0.1538 0.0000 0.0000 inf
0 0.3077 0.0769 0.0000 inf
1 0.1538 0.0000 0.0000 inf
0 1.0000 0.4615 0.0000 inf
0 0.4615 0.1538 0.0000 inf
0 0.6154 0.3077 0.0000 0.0000
0 0.0769 0.9231 0.0000 inf
0 0.0769 0.4615 0.0000 0.0000
0 0.8462 0.7692 0.0000 0.0000
0 0.6923 0.7692 0.0000 inf
0 0.3846 0.6923 inf inf
0 0.2308 0.2308 0.0000 inf
0 0.7692 0.0769 0.0000 inf
0 0.3077 0.6154 0.0000 inf
0 0.5385 0.3846 0.0000 inf
0 0.7692 0.4615 0.0000 inf
0 0.8462 0.7692 0.0000 inf
0 0.6154 0.7692 0.0000 inf
0 0.6923 0.3077 0.0000 inf
0 0.2308 0.4615 0.0000 inf
0 0.1538 0.2308 0.0000 inf
0 0.8462 0.4615 0.0000 inf
0 0.3846 0.7692 0.0000 inf
0 0.3077 0.3077 0.0000 inf
0 0.2308 0.7692 0.0000 0.0000
0 0.9231 0.2308 0.0000 inf
0 0.0769 0.1538 0.0000 inf
0 0.8462 0.0769 0.0000 inf
0 0.7692 0.0000 0.0000 inf
0 0.2308 0.0000 inf inf
0 0.0000 0.9231 0.0000 0.0000
0 0.1538 0.4615 inf inf
0 0.0000 0.0769 0.0000 0.0000
0 0.1538 0.3077 0.0000 inf
0 0.0000 0.8462 0.0000 0.0000
0 0.6923 0.8462 0.0000 inf
0 0.0000 0.6923 0.0000 0.0000
0 0.0769 0.7692 0.0000 0.0000
0 0.3846 0.2308 0.0000 inf
0 0.3846 0.4615 0.0000 inf
0 0.6923 0.1538 0.0000 inf
0 0.1538 0.8462 0.0000 inf
0 0.4615 0.3077 0.0000 inf
0 0.5385 0.3077 0.0000 inf
0 0.7692 0.9231 0.0000 0.0000
0 0.9231 0.9231 0.0000 0.0000
0 0.9231 0.5385 0.0000 inf
0 0.8462 0.9231 0.0000 0.0000
0 0.9231 0.8462 0.0000 inf
1 0.3846 0.6923 inf inf
0 0.0769 0.7692 0.0000 inf
1 0.9231 0.6923 0.0000 inf
0 0.6923 0.6154 0.0000 inf
0 0.9231 0.3077 0.0000 inf
1 0.3846 0.6154 inf inf
0 0.9231 0.3846 inf inf
1 0.8462 0.0000 0.0000 0.0000
0 0.3846 0.9231 0.0000 0.0000
0 0.9231 0.1538 0.0000 inf
0 0.9231 0.0000 0.0000 inf
0 0.9231 0.7692 0.0000 inf
0 0.9231 0.8462 0.0000 inf
0 0.8462 0.8462 0.0000 0.0000
0 0.1538 0.0769 0.0000 0.0000
0 0.6923 0.8462 0.0000 inf
0 0.5385 0.4615 inf inf
1 0.3077 0.6154 inf inf
0 0.6154 0.6923 0.0000 inf
0 0.2308 0.4615 inf inf
1 0.3077 0.4615 inf inf
0 0.3846 0.6154 0.0000 inf
0 1.0000 0.0769 0.0000 0.0000
0 0.4615 0.1538 0.0000 inf
0 0.8462 0.6923 0.0000 inf
0 0.6923 0.6923 0.0000 inf
0 0.3846 0.1538 0.0000 inf
0 0.6154 0.4615 0.0000 inf
0 0.6923 0.4615 0.0000 inf
0 0.5385 0.5385 0.0000 inf
0 0.6154 0.5385 0.0000 inf
0 0.4615 0.8462 0.0000 inf
0 0.5385 0.2308 0.0000 inf
0 0.6154 0.2308 0.0000 inf
0 0.0769 0.6154 inf 0.0000
0 0.8462 0.5385 0.0000 inf
0 0.8462 0.2308 0.0000 inf
0 0.6154 0.9231 0.0000 inf
0 1.0000 0.0769 inf 0.0000
0 0.5385 0.6154 0.0000 inf
0 1.0000 0.3077 inf 0.0000
0 0.4615 0.3846 inf inf
0 0.1538 0.8462 inf inf
0 0.6154 0.9231 0.0000 inf
0 0.0769 0.0000 0.0000 0.0000
0 0.3846 0.0769 0.0000 inf
0 0.6923 0.0769 0.0000 inf
0 0.0769 0.5385 0.0000 inf
0 0.1538 0.6923 0.0000 0.0000
0 0.3846 0.6923 0.0000 inf
0 0.6923 0.9231 0.0000 0.0000
0 0.3077 0.2308 0.0000 inf
0 0.9231 0.1538 inf 0.0000
0 0.9231 0.0769 0.0000 0.0000
0 0.4615 0.0769 inf 0.0000
0 0.2308 0.7692 inf 0.0000
0 0.5385 0.4615 0.0000 0.0000
0 0.7692 0.1538 inf 0.0000
0 0.3846 0.9231 0.0000 inf
0 0.3846 0.1538 inf 0.0000
0 0.6154 0.0769 inf 0.0000
0 0.6154 0.3846 inf inf
0 0.3846 0.0769 inf 0.0000
0 0.5385 0.0769 0.0000 inf
0 0.4615 0.4615 0.0000 inf
0 0.3077 0.2308 0.0000 inf
0 0.5385 0.5385 0.0000 inf
2 0.1538 0.3077 0.0000 inf
0 0.1538 0.3846 inf inf
1 0.9231 0.9231 inf inf
0 0.4615 0.0769 0.0000 inf
1 0.0769 0.5385 inf inf
0 0.1538 0.9231 0.0000 inf
0 0.8462 0.0000 0.0000 0.0000
0 0.8462 0.6923 0.0000 inf
0 0.7692 0.3846 0.0000 inf
0 0.0000 0.4615 0.0000 0.0000
0 0.6923 0.6154 0.0000 inf
0 0.6923 0.5385 0.0000 inf
0 0.8462 0.6154 0.0000 inf
0 0.3077 0.5385 0.0000 inf
0 0.9231 0.2308 inf 0.0000
0 1.0000 0.1538 inf 0.0000
0 0.4615 0.9231 0.0000 0.0000
0 0.3846 0.5385 inf 0.0000
0 0.5385 0.4615 0.0000 inf
0 0.0000 0.0000 inf inf
0 0.6154 0.6923 0.0000 inf
0 0.4615 0.3077 0.0000 inf
0 0.0769 0.9231 0.0000 inf
0 0.0769 0.5385 0.0000 0.0000
0 0.0769 0.6154 0.0000 0.0000
0 0.3846 0.0000 inf inf
0 0.6154 0.0000 inf inf
0 0.5385 0.0000 0.0000 inf
0 0.4615 0.0000 inf inf
0 0.6923 0.0000 0.0000 inf
0 0.3846 0.5385 0.0000 inf
0 0.4615 0.2308 0.0000 inf
0 0.5385 0.8462 0.0000 inf
0 0.8462 0.1538 0.0000 inf
0 0.4615 0.3846 0.0000 inf
0 0.6154 0.9231 inf inf
0 0.3846 0.0000 0.0000 inf
0 0.3077 0.8462 inf inf
0 0.3077 0.5385 inf inf
1 0.4615 0.8462 inf inf
1 0.3846 0.6154 inf inf
1 0.3846 0.5385 0.0000 inf
0 0.3846 0.2308 0.0000 inf
0 0.6154 0.5385 0.0000 inf
0 0.6923 0.0769 inf 0.0000
0 0.3077 0.0000 inf inf
1 0.4615 0.6154 inf inf
0 0.4615 0.4615 inf 0.0000
0 0.0769 0.0769 inf 0.0000
0 0.9231 0.5385 inf 0.0000
0 0.3846 0.0000 inf inf
0 0.6923 0.0769 0.0000 inf
1 0.2308 0.3077 inf inf
0 0.2308 0.2308 0.0000 inf
0 0.3077 0.2308 inf inf
0 0.7692 0.0769 inf 0.0000
1 0.2308 0.1538 inf inf
0 0.9231 0.3846 inf inf
0 0.5385 0.1538 0.0000 inf
1 0.6923 0.6154 0.0000 inf
1 0.5385 0.0769 0.0000 inf
1 0.7692 0.0769 inf 0.0000
1 0.8462 0.2308 inf inf
1 0.6154 0.3846 inf inf
0 0.6154 0.7692 0.0000 inf
0 0.5385 0.5385 inf inf
0 1.0000 0.3846 0.0000 0.0000
0 0.4615 0.6154 0.0000 inf
0 0.2308 0.3846 inf inf
0 0.3846 0.3077 inf inf
0 0.4615 0.8462 inf inf
1 0.0769 0.6154 inf inf
0 0.3846 0.0769 0.0000 inf
1 0.6154 0.1538 0.0000 inf
0 0.3846 0.3846 0.0000 inf
0 0.6154 0.6923 0.0000 inf
0 0.5385 0.9231 inf inf
0 1.0000 0.3077 inf inf
0 0.2308 0.0000 0.0000 inf
1 0.3077 0.6154 0.0000 inf
0 0.6923 0.0769 0.0000 0.0000
1 0.3846 0.4615 0.0000 inf
1 0.6154 0.0769 0.0000 inf
1 1.0000 0.6154 0.0000 0.0000
0 1.0000 0.5385 0.0000 inf
0 0.4615 0.6923 0.0000 inf
0 1.0000 0.5385 0.0000 inf
0 1.0000 0.3846 inf 0.0000
0 0.5385 0.9231 0.0000 inf
0 0.4615 0.3846 inf 0.0000
1 0.6923 0.6923 0.0000 inf
0 0.6923 0.5385 inf 0.0000
0 0.9231 0.7692 inf 0.0000
0 0.3077 0.3846 0.0000 0.0000
0 0.5385 0.5385 inf 0.0000
0 0.3846 0.2308 inf inf
0 0.9231 1.0000 0.0000 inf
0 0.2308 0.7692 inf inf
0 0.3846 0.2308 inf inf
0 0.7692 0.8462 inf 0.0000
0 0.8462 0.8462 inf 0.0000
0 0.3077 0.3846 inf inf
0 0.6923 0.3846 inf 0.0000
0 0.6923 0.7692 inf inf
0 0.7692 0.7692 0.0000 inf
1 0.7692 0.5385 inf 0.0000
0 0.9231 0.3846 0.0000 0.0000
1 0.6923 0.4615 inf 0.0000
1 0.6154 0.3846 inf inf
1 0.3077 1.0000 inf inf
1 0.3846 1.0000 inf inf
0 0.4615 1.0000 0.0000 inf
0 0.6923 1.0000 0.0000 inf
0 0.7692 1.0000 0.0000 0.0000
0 0.8462 1.0000 0.0000 inf
0 0.4615 0.5385 inf inf
0 0.2308 0.3846 inf 0.0000
1 0.3846 0.0769 inf 0.0000
1 0.4615 0.3077 inf inf
1 0.7692 0.6923 0.0000 inf
0 0.5385 1.0000 0.0000 inf
0 0.6154 1.0000 0.0000 inf
0 0.8462 0.1538 inf 0.0000
0 0.8462 0.6923 0.0000 0.0000
0 0.1538 0.6154 inf inf
0 1.0000 0.9231 0.0000 0.0000
0 0.9231 0.6923 0.0000 0.0000
0 0.9231 0.6154 0.0000 0.0000
0 0.9231 0.8462 inf 0.0000
0 0.9231 0.7692 inf 0.0000
1 0.1538 0.7692 0.0000 inf
1 0.7692 0.6154 inf 0.0000
0 0.3846 0.6154 inf inf
0 0.6923 0.6154 inf 0.0000
0 0.3077 0.9231 inf inf
0 0.5385 0.7692 inf inf
0 0.3077 0.3077 inf inf
0 0.7692 0.8462 inf inf
0 0.2308 1.0000 inf inf
1 0.6154 0.6923 0.0000 inf
1 0.6923 0.6154 inf inf
0 0.2308 0.1538 inf inf
0 0.6923 0.2308 inf 0.0000
0 0.7692 0.7692 inf inf
1 0.6154 0.1538 inf inf
0 0.8462 0.3846 inf inf
0 0.1538 0.9231 0.0000 inf
1 0.1538 0.6923 inf inf
1 0.0769 0.8462 inf 0.0000
1 0.0000 0.6923 inf inf
0 0.4615 0.6923 inf 0.0000
0 0.9231 0.2308 inf inf
0 0.2308 0.0000 inf 0.0000
0 0.9231 0.6154 0.0000 0.0000
0 0.6923 0.3077 inf inf
1 0.3077 0.0000 inf 0.0000
0 0.9231 0.4615 inf inf
0 0.3846 0.6923 inf inf
0 0.6923 0.8462 inf inf
0 0.8462 0.4615 0.0000 0.0000
0 0.8462 0.1538 inf inf
1 0.1538 0.4615 inf inf
1 0.1538 0.3077 inf 0.0000
0 0.3077 0.6154 inf inf
1 0.4615 0.0769 0.0000 inf
0 0.7692 0.0000 0.0000 inf
1 0.4615 0.5385 inf 0.0000
1 0.3846 0.6923 inf inf
0 0.8462 0.3077 inf inf
0 0.1538 0.8462 0.0000 inf
0 0.6154 0.3846 inf inf
0 0.6154 0.6154 0.0000 inf
0 1.0000 0.1538 0.0000 inf
1 0.9231 0.0000 0.0000 inf
2 1.0000 0.0000 0.0000 inf
0 0.4615 0.4615 inf inf
1 0.5385 0.0000 0.0000 inf
0 1.0000 0.4615 0.0000 0.0000
0 0.3077 0.5385 inf inf
0 1.0000 1.0000 0.0000 0.0000
0 0.0769 0.6154 inf 0.0000
